1.066618209246439797e+00
8.415611666378121081e-01
-2.456216837951707699e-01
1.310328488749749887e-01
-1.222395694164952890e-01
3.029418303363662912e-01
-3.399026169021385213e-01
-1.881789586276988446e-01
-1.406515523844074347e-03
4.504310170970186711e+00
1.553466832980657664e+01
2.834071181859271604e+01
3.300805405370791590e+01
2.423709142616911194e+01
9.082528335856036250e+00
-6.847480440538954660e+00
-1.835946555982522455e+01
-2.442278541287195992e+01
-2.391849646302787491e+01
-1.845672715948116505e+01
-1.271597274406433797e+01
-7.409172799521782871e+00
-3.332389483405256758e+00
-3.889966720960561508e-01
9.878316895696438449e-01
8.484788709621565728e-01
4.271548140029707286e-01
4.651030852561151008e-01
1.526009176383306964e-01
2.785443664244936501e-01
1.513957924646486541e-01
2.344854778257443595e-01
-9.823874074456629968e-01
2.065290773075640018e+00
1.249931224779757422e+01
2.716451599124655303e+01
3.318769150924156008e+01
2.572902752084993949e+01
1.007130925812164790e+01
-5.627704459302948159e+00
-1.721890056134341052e+01
-2.351113521594322719e+01
-2.367794848911128369e+01
-1.873352172090247691e+01
-1.268013947621636284e+01
-7.106453496695333882e+00
-3.317178964753591863e+00
-5.005311496902805635e-01
1.420713997776694160e-01
5.353694722020370111e-01
5.336497190407243733e-03
2.098954531471619311e-01
-1.921932751841198828e-01
-1.104022192805380331e-01
2.431378683844474808e-01
3.869619359011018389e-01
-4.616477052367647382e-01
4.745380710949047121e+00
1.560439986426693082e+01
2.978362037762433445e+01
3.296661077428353082e+01
2.399788491529068324e+01
7.574794175394963247e+00
-7.665840032033329976e+00
-1.862768326641502270e+01
-2.419788881532607405e+01
-2.372738594914048704e+01
-1.841362490445668243e+01
-1.183078233782327793e+01
-6.991855420665336496e+00
-3.644328032249529503e+00
-1.417784276781369535e+00
-1.064644889429127023e-01
3.583237390835894431e-01
1.669019744211842349e-01
1.973657154525434165e-01
1.377665470258991331e-01
4.258251555227549057e-02
-7.905638657196920049e-02
-1.943569938261612007e-02
-2.159403728553561941e-01
1.898795883016415331e+00
1.091492229602034492e+01
2.432025848729643513e+01
3.363001866601214829e+01
2.932770362411396903e+01
1.493416925033066356e+01
-1.924016789104147529e+00
-1.495050130119683729e+01
-2.270494825556234986e+01
-2.459082456921989390e+01
-2.158268467713658012e+01
-1.512022488306265977e+01
-8.856479040067496200e+00
-4.231749487263450682e+00
-1.659843904379015411e+00
-1.892324362608216737e-01
7.963226308238078310e-01
5.151267961509291560e-01
-4.792262126862488654e-03
-8.254691877329163596e-02
1.897212203249057094e-01
3.484754101299047252e-02
-4.241969706132451834e-01
-5.700564514916903747e-01
2.087183249200364354e+00
9.982007155176685131e+00
2.320222037814244587e+01
3.306123817190144365e+01
3.069885713460296728e+01
1.705974162854734288e+01
-5.466829497824088335e-01
-1.418667647358962114e+01
-2.276891849581264893e+01
-2.532575612645165108e+01
-2.196654804296245445e+01
-1.536668589303346089e+01
-9.380200876077486427e+00
-4.766460852686682514e+00
-2.026476509093146916e+00
-2.467676042938635184e-02
6.660883388391709570e-01
2.901620855899717522e-01
1.238405254847044640e-01
-1.010426088700157182e-01
1.341935558906341697e-01
1.812349119628607272e-02
-1.347795166070790696e-01
-1.871502355895277026e-01
4.477346404445060879e-02
6.503639210439777329e+00
1.833846013054596114e+01
3.135601762916265756e+01
3.219702879483178748e+01
2.129680027474896065e+01
4.932048415505465577e+00
-9.934410026626773416e+00
-2.029509752632128183e+01
-2.536684995555362576e+01
-2.346614607315623502e+01
-1.705169416222430101e+01
-1.033385711290398490e+01
-5.346426997641814616e+00
-2.806609071205973915e+00
-4.937983436192033282e-01
1.987015539721835866e-01
5.903950566497099262e-01
