0.000000000000000000e+00
-7.137182288697090267e-03
-3.064137405819621768e-02
-4.054759899775575022e-02
-4.043056858910972634e-02
-2.136475642522952731e-02
-4.529269059499881067e-02
-3.634263939327922466e-02
-2.711231258180276868e-02
-3.379667679469178926e-02
-2.855320400662151106e-02
2.721624427371295910e-02
2.198085228602013608e-01
6.658356743388679222e-01
1.196238459481126837e+00
1.572918712827895638e+00
1.659454374843170932e+00
1.568383341895204230e+00
1.292377001444490858e+00
9.068407230906989636e-01
5.670556555853897285e-01
3.117595593134484533e-01
1.501274988386379072e-01
4.502158191468851045e-02
-3.035024801893939587e-03
-1.354635397593568699e-02
-2.926772488488608992e-02
-4.828066428503176993e-02
-4.826225439707826359e-02
-4.698451042175292441e-02
-6.747743103239400853e-02
-5.457981109619140098e-02
-5.851286914613382240e-02
-7.340276479721069558e-02
-6.399687608083866330e-02
-1.778180122375488253e-02
1.582517986827400580e-01
5.766681694984435724e-01
1.132482237021120497e+00
1.519098453521728453e+00
1.631458887259157553e+00
1.545494355360659045e+00
1.288401182492570074e+00
9.256061553955077237e-01
5.815108172098717443e-01
3.175931368933731513e-01
1.574977861510330757e-01
6.092079559961177671e-02
2.424228164884908651e-02
-2.140051179461750080e-02
-4.085990455415384331e-02
-3.206508292092734996e-02
-4.341545767254558624e-02
-4.087013589011945225e-02
-4.062414937548908256e-02
-3.560438659455911203e-02
-3.653497113122398249e-02
-4.917423354255475582e-02
-3.231268776788169539e-02
1.442921400070190305e-02
2.450702452659606900e-01
6.909238441785137130e-01
1.238475825521682339e+00
1.596521742343902428e+00
1.674800575044418594e+00
1.549508080217574690e+00
1.282490098741318141e+00
9.114082434442294378e-01
5.574267411231994540e-01
3.095488956239475509e-01
1.546640753746032493e-01
7.239545610215798732e-02
1.806522660784991990e-02
4.958982997467841630e-03
-1.377357218000753274e-02
-1.612120760812217612e-02
-2.172964149050983160e-02
-2.113216188218728850e-02
-2.652752982246198502e-02
-2.737765391668460502e-02
-2.194487969080995485e-02
-2.353207270304750326e-02
-2.627856731414794644e-02
-1.218747615814208887e-02
1.011530370182487093e-01
4.733484896024028887e-01
1.010724581877382677e+00
1.479800326559279844e+00
1.676196935176849312e+00
1.623057787418365372e+00
1.401256912814240918e+00
1.063563490973573389e+00
6.925545040766319937e-01
3.929893287022869219e-01
1.786819301711136398e-01
7.256063461303710604e-02
2.854025734794816971e-02
5.095379087661342302e-03
-3.387473689191722141e-03
-2.177598661846843683e-02
-3.374631298913413624e-02
-2.562821494209089127e-02
-2.162189748551980942e-02
-3.426016065809590894e-02
-3.334275086721560921e-02
-1.919016308254924488e-02
-1.453512244754108333e-02
8.445174958969516379e-03
1.088650748464809193e-01
4.263173299365547453e-01
9.612234452035678389e-01
1.464214689201781328e+00
1.684574683242371362e+00
1.660398405657868892e+00
1.441924876636931474e+00
1.103297275172334224e+00
7.273086579640667404e-01
4.032554533746494085e-01
2.026320648193359331e-01
9.712274869282651324e-02
1.911329772737161564e-02
-7.261717849305000458e-03
-1.251138157314983339e-02
-1.681603696611062848e-02
-3.455680423312457866e-02
-2.560594929589683419e-02
-2.093076096641340034e-02
-2.806238227420123840e-02
-3.103740930557250671e-02
-2.337900453143390567e-02
-2.366876204809329615e-02
-2.388819270663532224e-02
2.455951823127946673e-02
2.914160357581192518e-01
7.749456821547562324e-01
1.311078178352782286e+00
1.611180303361679389e+00
1.648611982663468423e+00
1.513512632846832240e+00
1.204275445408293788e+00
8.167757715119190465e-01
4.735982232623603960e-01
2.422052648332370939e-01
1.177428876029068677e-01
4.967290798822261710e-02
2.297772328058101526e-02
-2.367783122589912654e-03
-2.936940828959535427e-02
-3.108326567544395305e-02
-2.364743047290119096e-02
