0.000000000000000000e+00
7.658214002610747549e-03
2.135053275834934358e-02
3.234913438860757828e-02
4.919031728617483112e-02
5.499474251629180716e-02
4.870469499342788833e-02
6.203626576042324536e-02
5.246256913294245622e-02
4.997152498454170144e-02
4.632663235809786340e-02
-2.072244474202079509e-02
-3.781808381033396893e-01
-1.298167247205642472e+00
-2.324094637124832996e+00
-2.880951773766198265e+00
-2.982561053285508024e+00
-2.708228808110281882e+00
-2.178634160107837836e+00
-1.478834349377313950e+00
-8.452610310469116373e-01
-4.514495970470784325e-01
-2.134560220548541998e-01
-1.100395338606153794e-01
-5.623952129100643488e-02
-3.111500957225643918e-02
-7.413420724321894556e-03
1.400177908416026101e-02
1.623911036128219965e-02
3.153769918015086188e-02
3.698484515199197686e-02
2.633063892328209310e-02
1.883694186074535287e-02
1.141138057899524806e-02
9.266466197982480349e-04
-5.929200427364093862e-02
-3.738917526395880153e-01
-1.234404296874999973e+00
-2.286874909353709739e+00
-2.873866148089361694e+00
-2.990197463838121461e+00
-2.744557072101228901e+00
-2.229018216274714526e+00
-1.528765488426299557e+00
-8.770658224879661624e-01
-4.485234749671394572e-01
-2.116032243482481867e-01
-9.115303870473552561e-02
-3.082016746593580978e-02
-9.306852132979201442e-03
4.040327922004962637e-03
1.890879413868105929e-02
2.254055514199535329e-02
3.060485839843749695e-02
4.584373549661222014e-02
4.829761467361549931e-02
4.169934565480616639e-02
3.486173422032379232e-02
1.439151575070354676e-02
-5.422493207568095108e-02
-4.373244302579791798e-01
-1.360150243173688933e+00
-2.379708795830679069e+00
-2.905435561378387543e+00
-2.979277156414302574e+00
-2.695670268748056042e+00
-2.150216088625406918e+00
-1.455572793790542940e+00
-8.237556442411505531e-01
-4.096432162747146166e-01
-1.868751389909470983e-01
-7.761631729580130423e-02
-1.875344455827871598e-02
1.275724807594087913e-02
2.828353428604486741e-02
4.085173654083973371e-02
4.282346215584311583e-02
5.897114668746325505e-02
5.274403184954507690e-02
5.465133818072444999e-02
5.802566981551762759e-02
4.970269835826456734e-02
4.386036485735757967e-02
6.348520411174831020e-03
-2.015902377590896299e-01
-9.088738348931791888e-01
-2.013991106996445346e+00
-2.730477246577124539e+00
-2.990737346989039924e+00
-2.847864543046041419e+00
-2.398566550075347248e+00
-1.736777833239873337e+00
-1.042217044641401857e+00
-5.592426322709934672e-01
-2.738386943552836850e-01
-1.272756565206600299e-01
-3.523065850285092560e-02
-5.661959506442144560e-03
1.908049630665118422e-03
2.397165430659469951e-02
3.960943543089114754e-02
5.313996267791026157e-02
5.307380902889917429e-02
6.145673997334142463e-02
5.454083433251298574e-02
4.567897079013618494e-02
3.925339500509153479e-02
2.773175834428684428e-02
-1.538857760287692111e-01
-7.845565100943235892e-01
-1.891937872253961261e+00
-2.675699795260293001e+00
-2.980470151995612049e+00
-2.875866862381978972e+00
-2.461676635742187536e+00
-1.825747801525751557e+00
-1.127209122157323717e+00
-6.065979910368218819e-01
-2.921622640779582558e-01
-1.329789930286392474e-01
-5.787948759469372512e-02
-1.762957582373701412e-02
1.617667320979307953e-03
2.446545289293908243e-02
3.618406390199197659e-02
3.653242356709142380e-02
3.325695075616522112e-02
4.491733664340244458e-02
4.288589930770513037e-02
4.201351354617145067e-02
3.964833476756893932e-02
3.091407096036391175e-02
-8.111477993501921280e-02
-5.792009652015144283e-01
-1.610111186716805864e+00
-2.541833302715028609e+00
-2.977297502272196805e+00
-2.973049298276991603e+00
-2.638065058642068639e+00
-2.044426245358874628e+00
-1.328103136119204830e+00
-7.434094359142658925e-01
-3.603515625000000000e-01
-1.509011810604260762e-01
-4.808205783952871487e-02
-1.849180315980447631e-02
-8.225599232264357158e-03
1.897420448839284152e-02
2.012507976877259130e-02
2.747408120945692492e-02
