0.000000000000000000e+00
1.209495580269120442e-02
2.496394330950958348e-02
3.433105734673327220e-02
5.205015192376453992e-02
5.503678200639229579e-02
5.024887539531051883e-02
6.252707618619665619e-02
5.677726515141992558e-02
5.246680342123187513e-02
4.767815789638324420e-02
2.614090963660550826e-02
3.781910954927642510e-01
1.298174438651286344e+00
2.324131897611772413e+00
2.881010169752376449e+00
2.982584934332644711e+00
2.708229502253955090e+00
2.178640035904264582e+00
1.478834910608979980e+00
8.455933068084861004e-01
4.514758621607600220e-01
2.134944114909478330e-01
1.100398001138862547e-01
5.675730498876267738e-02
3.258373448701495922e-02
8.280383414587023233e-03
1.441996516213909195e-02
1.876201081280349722e-02
3.238549330663790388e-02
3.827353922913605266e-02
2.799616860341564914e-02
1.900596236996223223e-02
1.394296197347937027e-02
3.464982941624975173e-03
6.077134982561636228e-02
3.739089684037609218e-01
1.234406058703402476e+00
2.286964342490346969e+00
2.874068796800994807e+00
2.990247993836470553e+00
2.744772065119675641e+00
2.229083557072699673e+00
1.528838030530469849e+00
8.770781507574829661e-01
4.488040114127547775e-01
2.123339782161753064e-01
9.445645712716670139e-02
3.525824845259500906e-02
1.946088141689437251e-02
1.332933795334719472e-02
2.585751236488214796e-02
2.792701637977039811e-02
3.816014254438764020e-02
4.893239534438502403e-02
5.312644054805151783e-02
4.638544883310114636e-02
3.616282150487593050e-02
1.984070034734860058e-02
5.429120960500496973e-02
4.374833962463171022e-01
1.360151865188343301e+00
2.379810996377941912e+00
2.905530305108421807e+00
2.979406738484351003e+00
2.695801216933478628e+00
2.150261867926027914e+00
1.455612905116312916e+00
8.237676384339458480e-01
4.096432570290065023e-01
1.869123282834685151e-01
7.927743950616189528e-02
2.514219274204056165e-02
2.625563575426684976e-02
3.566125929542235395e-02
4.793062265147277068e-02
4.868439240701682297e-02
6.286518007555078058e-02
5.744267377229617111e-02
6.069131044907768308e-02
6.008075451170545589e-02
5.449017080016149706e-02
4.575027473770582054e-02
1.433306332006845617e-02
2.015913925735739742e-01
9.089320900845615503e-01
2.014045472800149117e+00
2.730540022873554129e+00
2.990869914359732373e+00
2.847929074500817670e+00
2.398629469021155369e+00
1.736887942864003609e+00
1.042237669319921345e+00
5.593335415767662910e-01
2.746169076452626978e-01
1.295596738607989185e-01
4.069850449411600152e-02
1.964384822291616317e-02
3.722653825701355279e-02
3.657987517777813724e-02
4.355225060630258521e-02
6.492522290120698869e-02
6.540426388245147715e-02
6.734818179406416860e-02
6.409012604253618017e-02
6.228076125325414381e-02
5.287388544537974938e-02
3.831886139106979727e-02
1.562433786055573148e-01
7.848067752665316421e-01
1.892051526611735035e+00
2.676025738158747558e+00
2.980683309834999406e+00
2.875955618409691272e+00
2.461780320313358139e+00
1.825878151748333122e+00
1.127387139492123991e+00
6.066491950605433781e-01
2.935266821985978436e-01
1.361531848522457289e-01
6.442512066453268127e-02
3.653464341412842459e-02
3.786120596856869247e-02
3.648617930546661087e-02
4.454397565319827973e-02
4.904832258250749893e-02
4.873194048778964338e-02
5.437559861099629938e-02
5.422152973746761917e-02
5.774320945228025859e-02
4.685668037751418435e-02
5.063113663808858911e-02
8.239724334257551852e-02
5.793015848550833180e-01
1.610199621234355449e+00
2.542198750668559271e+00
2.977544389497535970e+00
2.973311125353587769e+00
2.638413258119495008e+00
2.044925972096235611e+00
1.328248448323887887e+00
7.442191534343320924e-01
3.619182776539791591e-01
1.572427139330850043e-01
6.503854656802392220e-02
4.681096081941753251e-02
5.447246497015170719e-02
4.306235665105530297e-02
5.008613623572946705e-02
4.520914053451597497e-02
