-0.000000000000000000e+00
-1.233668857078100596e-03
-9.793930053710937778e-03
1.638056437180693964e-02
-1.040111965601226915e-02
5.645438300280147120e-03
-1.896694183349609264e-02
-5.356093512589268045e-03
-2.136494106714507957e-02
-9.723722669803008811e-03
-5.183355543338165859e-03
-2.113850487598938066e-02
-3.971756829114382950e-03
1.185861799451004041e-02
2.141794416638503895e-02
2.837438371447433341e-02
2.625234815808425923e-02
3.675008985730300604e-02
1.147247738315627409e-02
1.228472815623717768e-02
2.193233489990234139e-02
-2.497923109256134939e-03
4.605187310164637199e-03
-1.002749125159652956e-02
7.394888136111603394e-03
-8.032141790931745465e-04
7.347446017815854359e-03
-4.549925062381134783e-03
-3.038033379407352203e-03
8.168212042955928093e-03
3.415311177602688934e-03
1.943910386837614974e-03
8.377617730086512476e-03
7.362043592654571658e-03
5.447675916873321970e-03
-6.199972364627228359e-03
-7.881821526380007950e-03
6.070853339342647051e-03
1.463789198132644728e-02
1.167388916015624917e-02
2.070387946238952045e-02
4.362937079577022814e-03
4.010857476180262372e-03
-4.121034410275115079e-03
6.209530300636742495e-03
-3.418786790646208707e-03
-3.687104119153445866e-03
-9.507713317871093264e-03
1.006050957578963692e-02
2.417288886217647519e-03
4.762111239983823907e-03
6.598451402555837808e-04
-2.489060295911258141e-03
-6.315884060309144739e-03
-2.084325154560246699e-03
4.167260064537003884e-04
-4.642723931165164582e-03
1.212172190354522151e-02
4.006599850132033097e-02
1.059488508435379138e-02
8.183678521102136921e-03
2.131854163279967712e-02
3.704221513537277188e-02
3.177370707200224964e-02
3.498517354332534440e-02
1.652740902378127194e-02
1.113621181919142999e-02
6.430231730205377728e-03
7.904239230706480365e-03
1.016112857396819780e-02
2.371932135692077226e-02
-1.912108527237705788e-03
1.431535508898605126e-02
-5.017916361459810737e-03
3.812747531487730140e-03
-9.445499844000551301e-03
-8.466593424168422080e-04
3.162807889179930542e-04
3.642963833351586453e-03
-9.622234768130510712e-04
6.475762261336512685e-03
-3.830125596891775569e-04
4.107827080672450150e-03
6.943927341058041963e-03
6.866421169777367668e-03
2.685206519236998934e-02
2.958407084153349964e-02
3.510178036167189985e-02
3.417848375109542453e-02
3.606348249646316312e-02
1.449660831029632273e-02
-4.905480278821414131e-03
1.183446248403470210e-03
9.662204318597104186e-03
-1.000629001121069441e-03
3.087560865603790946e-03
9.219584994866636407e-03
9.490161472103863594e-04
-3.071573045529021277e-03
4.489275614482721687e-03
1.710158030198272172e-02
-1.821916368282927405e-03
-4.259363810190279834e-03
-3.590655856589819363e-03
-2.932548522949218750e-03
-1.350553724499832173e-02
-8.923462761731570242e-03
5.538215637207031042e-03
-6.186243693002779417e-03
-7.696745130647286454e-04
1.790462070043304099e-02
3.140598720981643138e-02
3.655093722875335516e-02
3.827901204430190357e-02
2.476113637291518788e-02
6.669180128299103359e-03
2.770063612185822127e-03
2.060360802549666623e-02
4.802254570906825011e-03
5.525703430175781146e-03
1.749797397210386312e-03
1.847288343537911595e-04
-6.703936258920748306e-03
6.912820604122770982e-03
-1.080394320945288070e-03
-5.007141960950320728e-03
-1.014305538599273755e-02
-1.177051120326950626e-02
-5.898115369998321693e-03
-5.433078341941381499e-03
7.749053107409053544e-03
-1.227238972919621890e-03
8.026059468618312875e-03
8.974380493164062222e-03
3.632484859897658347e-02
3.056627909348662644e-02
3.816970401342131836e-02
3.413695017502959422e-02
2.027464124890457006e-02
1.053892771409209624e-02
1.216603597008315656e-02
-2.976341247558593386e-03
1.444117228252252789e-03
-9.736929998939557879e-04
4.955007765017853741e-03
-1.141565110958708785e-03
-1.246702406131134939e-03
4.238683912478791345e-03
-2.080675760873873601e-03
1.278469509555861701e-02
