-0.000000000000000000e+00
-9.361608524141046966e-03
-1.293650712113048919e-02
1.149586894725643932e-02
-1.701561049661222402e-02
-2.150736893697739825e-03
-1.236131724738925158e-02
-7.819014445349239256e-03
-2.171028968129803602e-02
-1.598787515467620102e-02
-1.127164028658171439e-02
-1.593510089528990537e-02
2.785390721730891198e-03
4.321047339121832781e-03
-1.316036413210895130e-02
-1.834326715750876288e-02
-1.193540667542947534e-02
1.939020440147487317e-03
-5.059886970157094835e-03
1.288385674522487525e-03
2.370295156351857890e-02
-4.869850083123310538e-03
-4.048504215602406232e-03
-2.420678469343329122e-04
7.649046642939082673e-03
-9.672431568053524789e-03
-3.688623409452702461e-03
3.447546628499366817e-03
-9.397039130165011842e-03
-7.361637530916595278e-03
9.848097999481523687e-03
-9.512250541413322033e-03
2.529076302391785984e-03
-8.011652880350083814e-03
3.338777145568201394e-03
-1.332723485356154813e-02
3.588030220305426978e-03
-2.085574310574429217e-03
-2.022505354172835640e-02
-3.412933651760567677e-02
-1.738366759645259413e-02
-3.435356517828039996e-02
-1.706739369001752243e-02
-1.489311898104233450e-02
-4.650328985485429820e-03
-1.586609793181651198e-02
-1.760095879581967740e-02
-2.476178159804476309e-02
-1.712487551244066750e-02
-1.709117927169699971e-02
-1.270224391819056026e-02
-1.763713270123616617e-02
-1.648762013653367817e-02
-2.279340083049419263e-02
-1.710939010765287135e-02
-2.213050162433318965e-02
-2.031685102099345386e-02
-9.612967613854835058e-03
1.365787921569562927e-02
-2.681824334733846297e-03
1.179256930215160509e-02
-2.100564182371726738e-03
-2.205505673244942746e-02
-2.346385691424757169e-02
-2.778738191813544950e-02
-2.657072463834765294e-02
-1.403113941156334393e-02
-1.080608707836517961e-02
-4.445302226747571174e-03
1.827277759366552205e-04
-3.728389928817250464e-03
-1.614372026797582238e-02
-1.674628833734459477e-02
-2.294800711150401032e-02
-2.172020034036222305e-02
-2.506950756109290260e-02
-2.315860861596547721e-02
-2.178152254313545089e-02
-2.275363431112964463e-02
-2.639443879082136596e-02
-1.557943211918654848e-02
-2.233428955078124722e-02
-1.301368637838777424e-02
-1.285040827079001087e-02
-6.823488744998939875e-04
1.029060892541110682e-02
-1.479822442081967816e-02
-1.851546485818971605e-02
-2.815965104811539096e-02
-1.917179825283255729e-02
-1.737338528769214255e-02
-1.955719900603525990e-02
-6.556768134071262050e-03
-1.008409556770175144e-02
-2.065951205716828540e-02
-2.422016408184617803e-02
-2.037569555900063320e-02
-1.881018308130933195e-02
-3.717760747019382972e-02
-2.763054573885483436e-02
-1.810776512218580797e-02
-3.730186235781957071e-02
-3.822157151621695392e-02
-2.754717231977565212e-02
-3.365771303076826176e-02
-4.233585773122740259e-02
-3.542342082105278539e-02
-2.644399208595586692e-02
-2.703999434362003643e-02
-1.981809710511697395e-02
-2.073805403000960473e-02
-4.176549930381724673e-02
-3.564641064934448433e-02
-2.259444435037721507e-02
-2.259394881747994049e-02
-2.181720091565466507e-02
-2.003390170560578540e-02
-7.881823247000738913e-03
-2.826879218074282094e-02
-2.922802009200950110e-02
-2.829418824450158354e-02
-3.199965977432611686e-02
-3.782663175373954245e-02
-2.706811583864009510e-02
-2.597843887783255618e-02
-3.272796933010567455e-02
-3.561989963640371099e-02
-3.064536821719457058e-02
-3.317791325024017912e-02
-3.961240862855447409e-02
-2.497114427012320226e-02
-4.009778315471294180e-02
-1.448095944849683153e-02
-1.079667195229148946e-02
-1.687562243770343931e-02
-4.310393380646473233e-02
-3.834285320617936837e-02
-3.945780234763787697e-02
-4.286335255840867386e-02
-4.520573682121948461e-02
-1.964689047023057342e-02
-3.470675628961771009e-02
-3.363913054511612905e-02
-4.420525579170998809e-02
-4.379644110652406580e-02
-4.300371226692049909e-02
-5.384783149946315017e-02
-3.865677333114262565e-02
-4.586504341352565239e-02
-3.590322060158086803e-02
