8.373428621154457296e-01
9.745169785627643133e-01
7.334838706556758847e-01
3.882394645994450277e-01
2.555347381081005120e-01
4.245080841530802368e-02
5.409580551027693557e-02
-3.621687387759370269e-01
-7.472281832881565444e-01
7.944494928573960557e+00
3.049990928670495194e+01
5.604856068232115263e+01
6.104436766486859511e+01
4.108318282149654976e+01
9.368234259565422661e+00
-1.713097887434419420e+01
-3.667682984691865045e+01
-4.543015110842606674e+01
-4.212595545715864631e+01
-3.086196339312273906e+01
-1.794032943157560567e+01
-9.627281882243838851e+00
-4.412455536681289203e+00
-2.481936992665835007e+00
-1.032618044551794956e+00
-3.371152115661332216e-01
5.879295095622165679e-01
5.817944894389501798e-01
2.252233607466378740e-01
-3.263300228457480801e-01
-5.934287135526019608e-01
-5.983216015070895732e-01
1.018667986723271746e+00
8.779658693421502846e+00
3.002295306736042591e+01
5.429739006499342224e+01
6.097950800968862950e+01
4.282541305202605741e+01
1.116604201534948260e+01
-1.573134731044622647e+01
-3.564414544648782623e+01
-4.555351010639494547e+01
-4.342145233316939112e+01
-3.210985493449499018e+01
-1.908833399098332606e+01
-1.008648202341853128e+01
-4.704221873153193734e+00
-1.978710223751695363e+00
-2.292862460417769699e-01
2.064910966555128513e-01
6.056293802692791495e-01
5.628020238903140848e-01
6.146201016653931593e-01
2.006172265539879485e-01
-3.114530204758315657e-01
-8.118473219683638442e-01
1.928234334610689493e-01
9.788306701010760946e+00
3.269051621563401966e+01
5.671999479933992205e+01
6.019626606980743588e+01
3.949402129990262011e+01
7.707078550135040729e+00
-1.842118139469253890e+01
-3.716570325287896992e+01
-4.565935557315933124e+01
-4.245411246090295521e+01
-3.094391650811815708e+01
-1.815829753482399767e+01
-9.378074738706486002e+00
-3.918455915346382046e+00
-1.063809273432671620e+00
5.558153636446880874e-01
5.470428451890237964e-01
6.635102629299616250e-01
2.320012468493512503e-01
2.928516595624600094e-01
-6.791281863037373911e-02
-7.201226761304078960e-02
-3.644155051554113789e-01
-1.115797346137487711e+00
3.587834677400304262e+00
2.105321500845989746e+01
4.877347340195318992e+01
6.168167390975562370e+01
5.077897132378465272e+01
2.033862443172361978e+01
-8.095379362253634525e+00
-3.058492613404216343e+01
-4.404125378489990794e+01
-4.486087627913144615e+01
-3.566514720045709907e+01
-2.226043891363713456e+01
-1.264963505079634842e+01
-6.218855107862110820e+00
-2.252027697653301797e+00
-1.004543735692161321e-01
5.831317654484494684e-01
6.755776742486204745e-01
7.030338708456912444e-01
5.803885655551603850e-01
-2.036821606514166091e-02
-7.618299095603268956e-02
-3.530316182605955366e-01
-6.285674305235703363e-01
2.291771154934223897e+00
1.785202170295492508e+01
4.521299183465037430e+01
6.145810633056562011e+01
5.355796425776750880e+01
2.399766077555990762e+01
-5.225497996229009345e+00
-2.816597946552844789e+01
-4.264801168091626948e+01
-4.524710061592231369e+01
-3.737442608657890730e+01
-2.417643791804580999e+01
-1.322497742429294298e+01
-6.268098506938278192e+00
-2.397365338626269438e+00
-6.814375941235627510e-01
1.953495668065817481e-01
2.728565027789953135e-01
2.986771020078789474e-01
2.397956818975127691e-01
1.261757842673200125e-01
2.197870479144052591e-01
-1.833882495971247972e-01
-8.757056339948859902e-02
6.013178997632989686e-01
1.298646108481876027e+01
3.803825572186016757e+01
5.999515871526789113e+01
5.849372694249883864e+01
3.324662205168859686e+01
2.346695303681363143e+00
-2.274679066832439034e+01
-4.012347992755365311e+01
-4.619985621183324298e+01
-4.104896815712821478e+01
-2.856111547294641539e+01
-1.656538065527580983e+01
-7.685544313038088049e+00
-2.506591438120324256e+00
-5.360046321211857645e-01
7.988232722712039491e-02
-2.259347423325788751e-01
