0.000000000000000000e+00
7.243018008469661109e-03
3.216853851313861840e-02
4.373134657910403289e-02
4.174702584061995569e-02
2.209804947753661944e-02
4.910369338297800729e-02
3.673520349454365008e-02
3.451866452132763136e-02
3.516768608999033124e-02
2.901986619080799967e-02
3.446099738485002700e-02
2.198444030997679655e-01
6.659412677128777602e-01
1.196430181947151450e+00
1.573174619301792587e+00
1.659662016185811328e+00
1.568813843717248968e+00
1.292427921239695410e+00
9.069239282329771834e-01
5.674796417894986122e-01
3.117695662555524660e-01
1.501981146942494849e-01
4.612475928286078469e-02
7.993481475159337421e-03
1.357014587463395427e-02
3.017589572692248520e-02
4.849458074751473308e-02
4.835777958408236932e-02
4.768924310104428327e-02
6.756380724301544460e-02
5.461441720725392773e-02
5.910956212444852531e-02
7.377103473406604328e-02
6.422832179810944453e-02
1.883167841917634394e-02
1.584479564301672916e-01
5.767001239578100069e-01
1.132576834060285087e+00
1.519143308309071294e+00
1.631590252312657530e+00
1.545500513643272456e+00
1.288407425477650525e+00
9.256153292975779490e-01
5.815439697896002125e-01
3.176115374240878753e-01
1.575409387405763417e-01
6.165825126472936762e-02
2.624694405957920737e-02
2.153660118567909260e-02
4.113647412742786613e-02
3.207187145046365429e-02
4.348674954596260661e-02
4.135527051223455985e-02
4.067758502949729571e-02
3.560682526341368836e-02
3.682877952173250341e-02
5.064623763325964284e-02
5.147226463535886642e-02
1.790122360702514279e-02
2.452068467821705566e-01
6.912526590703030882e-01
1.239029659089622815e+00
1.596837888527795180e+00
1.675165940597221015e+00
1.549596220280816450e+00
1.282538447214428778e+00
9.114309266742049997e-01
5.574827788524473471e-01
3.097156232996686742e-01
1.564723055914810645e-01
7.242070300169295427e-02
2.304955105238988555e-02
7.054856269250366768e-03
1.429154765365680223e-02
1.868450700573046075e-02
2.174612957167753463e-02
2.113452860492535598e-02
2.677650133928474382e-02
2.739455799973939884e-02
2.288041174256864874e-02
2.353518948983400472e-02
2.659769432505213957e-02
1.402685645549904721e-02
1.013858206935070311e-01
4.741095084618862643e-01
1.011157454434652880e+00
1.480216586000005163e+00
1.676545357050559071e+00
1.623458393698210100e+00
1.401331897646735047e+00
1.063574803701488714e+00
6.925555152201536835e-01
3.931080903087195710e-01
1.786847319388890076e-01
7.262629501458466030e-02
2.999244966595225603e-02
5.183002961087575765e-03
4.572694935045044408e-03
2.223391977925857216e-02
3.783223082486369959e-02
2.569289357723314113e-02
2.203743703205721105e-02
3.444780715515874392e-02
3.347146361055427372e-02
2.346618621358981943e-02
1.705573136001569193e-02
1.009914909939497139e-02
1.090406994308047717e-01
4.263180247222598251e-01
9.613901846032353316e-01
1.464551464478763831e+00
1.684971167240981504e+00
1.660839591373676427e+00
1.442137463537685127e+00
1.103317431823807038e+00
7.273139330453578522e-01
4.037814623531674751e-01
2.026889620623465449e-01
9.727981143098597683e-02
1.919322643399053868e-02
7.264067102192583308e-03
1.419427455816694647e-02
1.818147925638570125e-02
3.457368899459858924e-02
2.609092006735578770e-02
2.325894080125857910e-02
3.043094203092794672e-02
3.159285585887178921e-02
2.400200394030630943e-02
2.490498185003770307e-02
2.391969619970115216e-02
2.583771596612878182e-02
2.915541894780686039e-01
7.757965615520856506e-01
1.311434438761797550e+00
1.611632370066171660e+00
1.648965372816792785e+00
1.513648423797521625e+00
1.204321558974474016e+00
8.168663742376204295e-01
4.736075756198230846e-01
2.422095699750681785e-01
1.177469135864240013e-01
4.991943399075972343e-02
2.300606307175378021e-02
2.675941666979084199e-03
2.967370190237239233e-02
3.115282678461330987e-02
2.688213898961718668e-02
