0.000000000000000000e+00
6.111875414399767947e-08
1.805704229540082095e-07
2.467206192346311411e-07
2.964512571567145862e-07
2.437889743487007253e-07
3.140093829907980748e-07
3.137240192185218479e-07
2.885459218481275253e-07
2.769737342326871673e-07
2.424084199974438637e-07
1.915357364774195300e-07
1.890124837523806138e-06
6.207698186991668764e-06
1.112693451188029050e-05
1.407770160889434040e-05
1.467208265018475403e-05
1.351783611242479222e-05
1.097050555355233956e-05
7.540325027945503792e-06
4.466096550562530549e-06
2.412280115095804236e-06
1.149470689586590691e-06
4.935668754638022456e-07
2.046485033625853889e-07
1.458719354034415810e-07
1.215432336963005921e-07
1.988449617877807383e-07
2.121358735679072986e-07
2.530807092531042623e-07
3.345048877122361012e-07
2.610954039528115623e-07
2.468885097800592701e-07
2.772250211995746134e-07
2.139484979131935070e-07
2.515898490669807447e-07
1.682544010221011825e-06
5.724102979333794374e-06
1.080765226469858400e-05
1.388499401109376361e-05
1.460757979187461549e-05
1.355964784691197398e-05
1.111722813701122059e-05
7.757437926131630806e-06
4.610057271008480311e-06
2.422299459029211971e-06
1.169010483428418639e-06
4.934093185584578583e-07
1.943906210877819799e-07
1.295748501977669523e-07
1.721422632135747866e-07
1.830890765339627311e-07
2.257072247968805658e-07
2.513129363357212452e-07
2.832173842410945389e-07
2.804464785444538614e-07
2.630032501733048431e-07
2.743649151015663093e-07
2.253886377455988072e-07
2.281682465614099709e-07
2.157680919811907795e-06
6.483579406632890421e-06
1.143754947998598255e-05
1.422998796977312594e-05
1.471103880872810403e-05
1.341781743746616811e-05
1.084955851814303585e-05
7.481175195292408015e-06
4.365519650083416531e-06
2.273574210899731917e-06
1.085286453460649654e-06
4.794505136152175823e-07
1.523127174286676528e-07
1.052796840187016857e-07
1.578786566026521927e-07
2.105408649089861964e-07
2.225996269870238969e-07
2.654858049319726199e-07
2.661794409342001007e-07
2.784003427585874887e-07
2.622034331677436697e-07
2.466035407395559291e-07
2.286598263677558860e-07
8.963312192025127743e-08
9.575765273927971599e-07
4.371180779223918682e-06
9.561324043093558512e-06
1.330833315067496699e-05
1.475162854428031510e-05
1.413207164411829390e-05
1.200999167720572184e-05
8.851020058677284329e-06
5.482911455562816333e-06
3.010245359941485060e-06
1.432685333704651484e-06
6.390201291889494449e-07
2.234227375476240856e-07
7.846665987358956522e-08
1.321088280406403166e-07
1.858843077023916166e-07
2.572202320833321246e-07
2.864036551151711169e-07
2.763644150268921800e-07
3.217319499027273080e-07
3.083488927088825973e-07
2.710080514122755128e-07
2.210164880069388363e-07
1.530278460507735994e-07
8.384452529594251425e-07
3.827828065704144908e-06
9.018463056937328306e-06
1.308652718911982238e-05
1.474606345472812978e-05
1.433879649109787457e-05
1.233855178208294371e-05
9.257887432276042168e-06
5.861887081344759120e-06
3.193522937464320259e-06
1.568317459737498033e-06
7.377781172036400396e-07
2.642804901976081929e-07
1.384282886103698106e-07
1.645242747368383145e-07
1.727802103724788575e-07
2.500558301131380498e-07
2.374818035709964592e-07
2.275312303699374988e-07
2.680358427368023176e-07
2.712211934144734994e-07
2.583603457414240583e-07
2.268067706306949490e-07
2.356221012572368515e-07
3.420826779668277843e-07
2.752388667298204911e-06
7.541075166834516778e-06
1.217962449251061067e-05
1.450435132605470333e-05
1.460896491204292255e-05
1.312282453197540175e-05
1.026942961779617503e-05
6.779756076363805933e-06
3.849009889551690870e-06
1.909380049396483663e-06
8.691201881147566955e-07
3.633311648507700554e-07
2.206606317672923702e-07
1.806207542260770848e-07
2.298864050361178932e-07
2.567603129593640193e-07
2.278485446401174405e-07
